574 696 
685 807 574 696 768 807 
524.536 861.536 524.536 861.536 
685 807 660 812.714 574.302 832.302 524.536 861.536 574 696 
405.844 935.844 
524.536 861.536 495.342 878.342 421.06 921.06 421.06 921.06 405.844 935.844 
333.429 1059.43 
405.844 935.844 371.367 993.367 371.367 993.367 333.429 1059.43 
160 1116 
333.429 1059.43 315.478 1091.48 295.549 1182 283 1239 160 1116 
283 1239 283 1319 160 1116 
283 2377 283 1319 
160 2580 
283 2457 160 2580 283 2377 
333.429 2636.57 
283 2457 295.549 2514 315.478 2604.52 333.429 2636.57 160 2580 
405.844 2760.16 
333.429 2636.57 371.367 2702.63 371.367 2702.63 405.844 2760.16 
524.536 2834.46 524.536 2834.46 
405.844 2760.16 421.06 2774.94 421.06 2774.94 495.342 2817.66 524.536 2834.46 
574 3000 
524.536 2834.46 574.302 2863.7 660 2883.29 685 2889 574 3000 
685 2889 768 2889 574 3000 
1522.5 3564.5 958 3000 
847 2889 958 3000 768 2889 
1522.71 3343.71 1011.89 2832.89 1011.89 2832.89 
1522.5 3564.5 1522.5 3564.5 958 3000 847 2889 876 2882.39 961.027 2863.03 1011.89 2832.89 1522.71 3343.71 1522.8 3349.2 
1523.93 3149.93 1523.93 3149.93 1130.25 2756.25 
1520.02 3164.98 1522.71 3343.71 1011.89 2832.89 1040.19 2816.19 1114.41 2772.41 1114.41 2772.41 1130.25 2756.25 1523.93 3149.93 1520.02 3164.98 
1521.22 2949.22 1201.05 2629.05 1201.05 2629.05 
1521.4 2972.6 1523.93 3149.93 1130.25 2756.25 1164.47 2694.47 1201.05 2629.05 1521.22 2949.22 1521.4 2972.6 
1522.56 2784.56 1522.56 2784.56 1288.19 2550.19 
1522.56 2784.56 1521.22 2949.22 1201.05 2629.05 1203.99 2623.99 1203.99 2623.99 1219.38 2577.02 1288.19 2550.19 
1525.5 2598 1367 2489 1525.5 2330.5 1525.5 2436 
1518.96 2763.04 1522.56 2784.56 1288.19 2550.19 1367 2489 1525.5 2598 
1169 1752 1127 2447 766.5 2086.5 1011 1842 
1478.46 2267 1525.5 2330.5 1367 2489 1288.19 2550.19 1219.38 2577.02 1127 2447 1169 1752 
766.333 2186.33 1203.99 2623.99 1203.99 2623.99 
761.932 2158.07 766.5 2086.5 1127 2447 1219.38 2577.02 1203.99 2623.99 766.333 2186.33 
765.778 2295.78 765.778 2295.78 1164.47 2694.47 
765.778 2295.78 766.333 2186.33 1203.99 2623.99 1201.05 2629.05 1201.05 2629.05 1164.47 2694.47 
767.395 2425.39 1114.41 2772.41 1114.41 2772.41 
765.778 2295.78 1164.47 2694.47 1130.25 2756.25 1114.41 2772.41 767.395 2425.39 765.756 2308.24 
767.14 2543.14 767.14 2543.14 1040.19 2816.19 
767.395 2425.39 1114.41 2772.41 1040.19 2816.19 767.14 2543.14 766.318 2429.68 
876 2882.39 876 2778 961.027 2863.03 
767.16 2545.84 767.14 2543.14 1040.19 2816.19 1011.89 2832.89 1011.89 2832.89 961.027 2863.03 876 2778 768 2670 768 2670 767.16 2545.84 
876 2882.39 847 2889 768 2889 768 2670 876 2778 
574.302 2863.7 660 2778 660 2883.29 
660 2778 768 2670 768 2670 768 2889 685 2889 660 2883.29 
767.16 2545.84 767.16 2545.84 495.342 2817.66 
767.16 2545.84 768 2670 660 2778 574.302 2863.7 524.536 2834.46 524.536 2834.46 495.342 2817.66 
421.06 2774.94 766.318 2429.68 421.06 2774.94 
766.318 2429.68 767.14 2543.14 767.14 2543.14 767.16 2545.84 495.342 2817.66 421.06 2774.94 
371.367 2702.63 765.756 2308.24 371.367 2702.63 
421.06 2774.94 405.844 2760.16 371.367 2702.63 765.756 2308.24 767.395 2425.39 766.318 2429.68 
295.549 2514 406 2514 315.478 2604.52 
761.932 2158.07 766.333 2186.33 765.778 2295.78 765.778 2295.78 765.756 2308.24 371.367 2702.63 333.429 2636.57 315.478 2604.52 406 2514 543 2377 
295.549 2514 283 2457 283 2377 543 2377 406 2514 
762.618 1538.62 766.5 1597.5 1011 1842 766.5 2086.5 761.932 2158.07 543 2377 283 2377 283 1319 543 1319 
315.478 1091.48 406 1182 295.549 1182 
406 1182 543 1319 283 1319 283 1239 295.549 1182 
767.418 1389.42 371.367 993.367 371.367 993.367 
762.618 1538.62 543 1319 406 1182 315.478 1091.48 333.429 1059.43 371.367 993.367 767.418 1389.42 767.444 1392.56 767.444 1392.56 768.833 1498.17 
768.291 1268.29 421.06 921.06 421.06 921.06 
768.291 1268.29 767.418 1389.42 371.367 993.367 405.844 935.844 421.06 921.06 
768 1151 768 1151 495.342 878.342 
768.291 1268.29 421.06 921.06 495.342 878.342 768 1151 768 1151 768.86 1266.14 
660 812.714 660 918 574.302 832.302 
768 1026 768 1151 495.342 878.342 524.536 861.536 524.536 861.536 574.302 832.302 660 918 768 1026 
660 812.714 685 807 768 807 768 1026 660 918 
876 813.48 961.429 832.571 876 918 
847 807 876 813.48 876 918 768 1026 768 1026 768 807 
1040.66 878.342 768 1151 768 1151 768 1151 
961.429 832.571 1011.46 861.536 1011.46 861.536 1040.66 878.342 768 1151 768 1026 876 918 
1114.62 920.378 1114.62 920.378 768.86 1266.14 
1040.66 878.342 1114.62 920.378 768.86 1266.14 768 1151 
1164.29 995.714 767.444 1392.56 767.444 1392.56 
1114.62 920.378 1130.2 935.796 1164.29 995.714 767.444 1392.56 767.418 1389.42 768.291 1268.29 768.86 1266.14 
1203.45 1063.55 1203.45 1063.55 768.833 1498.17 
1164.29 995.714 1201.57 1060.43 1201.57 1060.43 1203.45 1063.55 768.833 1498.17 767.444 1392.56 
1169 1752 1011 1842 766.5 1597.5 1127 1237 1492.28 1602.28 1334.5 1675.5 
1203.45 1063.55 1218.46 1108.09 1127 1237 766.5 1597.5 762.618 1538.62 768.833 1498.17 
1518 1195 1518 1346 1367 1195 1518 1044 
1531.23 1577.23 1492.28 1602.28 1127 1237 1218.46 1108.09 1289.69 1135.31 1367 1195 1518 1346 1518 1346 1542.85 1573.22 1531.23 1577.23 
1510.5 914.5 1510.5 914.5 1289.69 1135.31 
1510.5 914.5 1518 1044 1367 1195 1289.69 1135.31 
1506.69 755.312 1201.57 1060.43 1201.57 1060.43 
1506.69 755.312 1508.35 905.351 1510.5 914.5 1289.69 1135.31 1218.46 1108.09 1203.45 1063.55 1203.45 1063.55 1201.57 1060.43 
1508.13 557.868 1508.13 557.868 1130.2 935.796 
1508.13 557.868 1506.69 755.312 1201.57 1060.43 1164.29 995.714 1130.2 935.796 
1507.1 365.898 1011.46 861.536 1011.46 861.536 
1506.36 551.364 1508.13 557.868 1130.2 935.796 1114.62 920.378 1114.62 920.378 1040.66 878.342 1011.46 861.536 1507.1 365.898 1507.14 374.136 1506.36 551.364 
1507 147 958 696 
1507 147 1507.1 365.898 1011.46 861.536 961.429 832.571 876 813.48 847 807 958 696 1507 147 
958 696 847 807 768 807 
2056 696 1507 147 1507 147 
2167 807 2056 696 2259 807 
1997.83 864.833 1997.83 864.833 1507.14 374.136 
2167 807 2139 813.264 2053.41 832.412 1997.83 864.833 1507.14 374.136 1507.1 365.898 1507 147 2056 696 
1887.14 932.142 1506.36 551.364 1506.36 551.364 
1997.83 864.833 1969.91 880.91 1899.19 920.185 1899.19 920.185 1887.14 932.142 1506.36 551.364 1507.14 374.136 
1669 1066 1518 1044 1510.5 914.5 1510.5 914.5 1508.35 905.351 
1887.14 932.142 1822.57 1044.57 1810.4 1098.8 1733.5 1130.5 1669 1066 1508.35 905.351 1506.69 755.312 1508.13 557.868 1508.13 557.868 1506.36 551.364 
1669 1195 1518 1346 1518 1346 1518 1195 
1733.5 1130.5 1669 1195 1518 1195 1518 1044 1669 1066 
1970.5 1479.5 1571.41 1568.59 1912 1228 2006 1228 2159.02 1381.02 1970.5 1479.5 
1571.41 1568.59 1542.85 1573.22 1518 1346 1669 1195 1733.5 1130.5 1810.4 1098.8 1838.08 1134 1895.49 1207 1900.2 1213 1912 1228 
1991 1213 2006 1228 1912 1228 1900.2 1213 
1985 1207 1991 1213 1900.2 1213 1895.49 1207 
1822.57 1044.57 1912 1134 1838.08 1134 1810.4 1098.8 
1912 1134 1985 1207 1895.49 1207 1838.08 1134 
2247 1268 1899.19 920.185 1899.19 920.185 
2159.02 1381.02 2006 1228 1991 1213 1985 1207 1912 1134 1822.57 1044.57 1887.14 932.142 1899.19 920.185 2247 1268 2212.25 1328.25 
2253.66 1164.66 2253.66 1164.66 1969.91 880.91 
2252.87 1262.29 2247 1268 1899.19 920.185 1969.91 880.91 2253.66 1164.66 
2139 813.264 2139 918 2053.41 832.412 
2253.54 1156.46 2253.66 1164.66 1969.91 880.91 1997.83 864.833 1997.83 864.833 2053.41 832.412 2139 918 2254 1033 2253.54 1156.46 
2259 1028 2254 1033 2139 918 2139 813.264 2167 807 2259 807 
2369 814.086 2453.58 833.419 2369 918 
2338 807 2369 814.086 2369 918 2259 1028 2259 807 
2531.04 878.957 2253.54 1156.46 2253.54 1156.46 
2453.58 833.419 2499.35 860.65 2499.35 860.65 2531.04 878.957 2253.54 1156.46 2254 1033 2259 1028 2369 918 
2602.16 918.842 2602.16 918.842 2260.86 1260.14 
2531.04 878.957 2602.16 918.842 2260.86 1260.14 2252.87 1262.29 2253.66 1164.66 2253.66 1164.66 2253.54 1156.46 
2648.17 985.83 2648.17 985.83 2376.02 1257.98 
2602.16 918.842 2615.45 931.553 2648.17 985.83 2376.02 1257.98 2351.67 1258.67 2260.86 1260.14 
2695.58 1070.42 2715.46 1160 2606 1160 
2648.17 985.83 2685.62 1052.38 2695.58 1070.42 2606 1160 2506 1260 2376.02 1257.98 
2716.83 1360 2696.45 1450.45 2606 1360 
2715.46 1160 2729 1221 2729 1260 2729 1306 2716.83 1360 2606 1360 2506 1260 2606 1160 
2640.89 1547.89 2640.89 1547.89 2351.67 1258.67 
2696.45 1450.45 2672.82 1491.82 2672.82 1491.82 2640.89 1547.89 2351.67 1258.67 2376.02 1257.98 2506 1260 2606 1360 
2563.86 1679.86 2563.86 1679.86 2212.25 1328.25 
2640.89 1547.89 2564.87 1678.87 2563.86 1679.86 2212.25 1328.25 2247 1268 2252.87 1262.29 2260.86 1260.14 2351.67 1258.67 
2313.09 1822.09 1970.5 1479.5 1970.5 1479.5 
2563.86 1679.86 2313.09 1822.09 1970.5 1479.5 2159.02 1381.02 2212.25 1328.25 
1971.13 2017.13 1531.23 1577.23 1531.23 1577.23 
2313.09 1822.09 2222.91 1873.91 1972.14 2016.14 1972.14 2016.14 1971.13 2017.13 1531.23 1577.23 1542.85 1573.22 1571.41 1568.59 1970.5 1479.5 
1863.18 2204.18 1863.18 2204.18 1334.5 1675.5 
1971.13 2017.13 1895.11 2148.11 1895.11 2148.11 1863.18 2204.18 1334.5 1675.5 1492.28 1602.28 1531.23 1577.23 
1684 2267 1478.46 2267 1169 1752 
1863.18 2204.18 1839.55 2245.55 1819.17 2336 1807 2390 1684 2267 1169 1752 1334.5 1675.5 
1807 2390 1807 2436 1525.5 2436 1525.5 2330.5 1478.46 2267 1684 2267 
1684 2598 1518.96 2763.04 1525.5 2598 
1807 2436 1807 2475 1684 2598 1525.5 2598 1525.5 2436 
1850.38 2643.62 1521.4 2972.6 1521.4 2972.6 
1807 2475 1820.54 2536 1840.42 2625.58 1850.38 2643.62 1521.4 2972.6 1521.22 2949.22 1522.56 2784.56 1522.56 2784.56 1518.96 2763.04 1684 2598 
1920.55 2764.45 1520.02 3164.98 1520.02 3164.98 
1850.38 2643.62 1887.83 2710.17 1887.83 2710.17 1920.55 2764.45 1520.02 3164.98 1523.93 3149.93 1523.93 3149.93 1521.4 2972.6 
2036.65 2835.35 2036.65 2835.35 1522.8 3349.2 
1920.55 2764.45 1933.84 2777.16 1933.84 2777.16 2004.96 2817.04 2036.65 2835.35 1522.8 3349.2 1522.71 3343.71 1520.02 3164.98 
2087 3000 1522.5 3564.5 1522.5 3564.5 
2036.65 2835.35 2082.42 2862.58 2167 2881.91 2198 2889 2087 3000 1522.5 3564.5 1522.8 3349.2 
2198 2889 2277 2889 2087 3000 
3517 4037 2480 3000 
2369 2889 2480 3000 2277 2889 
3491.02 3782.02 2538.37 2829.37 2538.37 2829.37 
3491.34 3911.66 3517 4037 3517 4037 2480 3000 2369 2889 2397 2882.62 2482.2 2863.2 2538.37 2829.37 3491.02 3782.02 3491.34 3911.66 
3491.65 3603.65 3491.65 3603.65 2648.6 2760.6 
3491.02 3782.02 2538.37 2829.37 2566.01 2813.01 2637.18 2772.18 2637.18 2772.18 2648.6 2760.6 3491.65 3603.65 3491.41 3735.59 
3375.5 2959.5 3424.66 3178.66 2867 2621 3300.72 2621 3375.5 2959.5 
3425.55 3362.45 3491.65 3603.65 2648.6 2760.6 2713.79 2643.79 2726.43 2586.26 2801 2555 2867 2621 3424.66 3178.66 3425.55 3362.45 
3263.5 2452.5 3271.56 2489 2867 2489 3263.5 2092.5 
3271.56 2489 3300.72 2621 2867 2621 2801 2555 2867 2489 
2559.5 2210.5 2958.59 2121.41 2624 2456 2526 2456 2379.55 2309.55 2559.5 2210.5 
3212.22 2027.29 3234.8 2056 3263.5 2092.5 2867 2489 2801 2555 2726.43 2586.26 2701.07 2554 2641.3 2478 2636.58 2472 2624 2456 2958.59 2121.41 3000.6 2114.6 3000.6 2114.6 3209.44 2028.44 
2542 2472 2526 2456 2624 2456 2636.58 2472 
2548 2478 2542 2472 2636.58 2472 2641.3 2478 
2713.79 2643.79 2624 2554 2701.07 2554 2726.43 2586.26 
2624 2554 2548 2478 2641.3 2478 2701.07 2554 
2289.74 2424.74 2637.18 2772.18 2637.18 2772.18 
2379.55 2309.55 2526 2456 2542 2472 2548 2478 2624 2554 2713.79 2643.79 2648.6 2760.6 2637.18 2772.18 2289.74 2424.74 2322.7 2366.7 
2280.56 2527.56 2280.56 2527.56 2566.01 2813.01 
2279.83 2434.6 2289.74 2424.74 2637.18 2772.18 2566.01 2813.01 2280.56 2527.56 
2397 2882.62 2397 2778 2482.2 2863.2 
2280.93 2541.07 2280.56 2527.56 2566.01 2813.01 2538.37 2829.37 2538.37 2829.37 2482.2 2863.2 2397 2778 2282 2663 2280.93 2541.07 
2277 2668 2282 2663 2397 2778 2397 2882.62 2369 2889 2277 2889 
2082.42 2862.58 2167 2778 2167 2881.91 
2167 2778 2277 2668 2277 2889 2198 2889 2167 2881.91 
2280.93 2541.07 2280.93 2541.07 2004.96 2817.04 
2280.93 2541.07 2282 2663 2277 2668 2167 2778 2082.42 2862.58 2036.65 2835.35 2036.65 2835.35 2004.96 2817.04 
2275.14 2435.86 1933.84 2777.16 1933.84 2777.16 
2275.14 2435.86 2279.83 2434.6 2280.56 2527.56 2280.56 2527.56 2280.93 2541.07 2004.96 2817.04 1933.84 2777.16 
2159.98 2438.02 1887.83 2710.17 1887.83 2710.17 
2275.14 2435.86 1933.84 2777.16 1920.55 2764.45 1887.83 2710.17 2159.98 2438.02 2184.33 2437.33 
1820.54 2536 1930 2536 1840.42 2625.58 
2030 2436 2159.98 2438.02 1887.83 2710.17 1850.38 2643.62 1840.42 2625.58 1930 2536 
1839.55 2245.55 1930 2336 1819.17 2336 
1930 2336 2030 2436 1930 2536 1820.54 2536 1807 2475 1807 2436 1807 2390 1819.17 2336 
1895.11 2148.11 2184.33 2437.33 1895.11 2148.11 
2184.33 2437.33 2159.98 2438.02 2030 2436 1930 2336 1839.55 2245.55 1863.18 2204.18 1863.18 2204.18 1895.11 2148.11 
1972.14 2016.14 2322.7 2366.7 1972.14 2016.14 
2322.7 2366.7 2289.74 2424.74 2279.83 2434.6 2275.14 2435.86 2184.33 2437.33 1895.11 2148.11 1971.13 2017.13 1972.14 2016.14 
2559.5 2210.5 2559.5 2210.5 2222.91 1873.91 
2559.5 2210.5 2379.55 2309.55 2322.7 2366.7 1972.14 2016.14 2222.91 1873.91 
3000.6 2114.6 3000.6 2114.6 2564.87 1678.87 
2222.91 1873.91 2313.09 1822.09 2563.86 1679.86 2563.86 1679.86 2564.87 1678.87 3000.6 2114.6 2958.59 2121.41 2559.5 2210.5 
2672.82 1491.82 3209.44 2028.44 2672.82 1491.82 
3209.44 2028.44 3000.6 2114.6 2564.87 1678.87 2640.89 1547.89 2640.89 1547.89 2672.82 1491.82 
3256 1429 3256 1833 2852 1429 
3256 1833 3212.22 2027.29 3209.44 2028.44 2672.82 1491.82 2696.45 1450.45 2716.83 1360 2729 1306 2852 1429 
3256 1429 2852 1429 2729 1306 2729 1260 3256 1260 3256 1411 
3274.69 675.306 3256 760 3256 1098 2852 1098 
3256 1164 3256 1260 2729 1260 2729 1221 2852 1098 3256 1098 
3274.43 463.574 3274.43 463.574 2685.62 1052.38 
3274.69 675.306 2852 1098 2729 1221 2715.46 1160 2695.58 1070.42 2685.62 1052.38 3274.43 463.574 3274.49 507.485 
3279.96 267.041 3279.96 267.041 2615.45 931.553 
3273.05 293.05 3274.43 463.574 2685.62 1052.38 2648.17 985.83 2648.17 985.83 2615.45 931.553 3279.96 267.041 3273.05 293.05 
3278.36 81.6419 2499.35 860.65 2499.35 860.65 
3278.36 81.6419 3279.96 267.041 2615.45 931.553 2602.16 918.842 2602.16 918.842 2531.04 878.957 2499.35 860.65 
4021 -876 2449 696 
4021 -876 4020.66 -846.094 3280.28 -105.719 3278.36 81.6419 2499.35 860.65 2453.58 833.419 2369 814.086 2338 807 2449 696 4021 -876 
2449 696 2338 807 2259 807 
4020.66 -846.094 4093 -773.75 4093 707 3280.28 -105.719 
4093 -773.75 4268 -598.75 4268 882 4093 707 
4268 1288 3273.05 293.05 3273.05 293.05 
4268 1288 3273.05 293.05 3279.96 267.041 3279.96 267.041 3278.36 81.6419 3280.28 -105.719 4093 707 4268 882 
4234.7 1467.7 4234.7 1467.7 3274.49 507.485 
4268 1288 4268.16 1409.93 4234.7 1467.7 3274.49 507.485 3274.43 463.574 3274.43 463.574 3273.05 293.05 4268 1288 
3660 1164 3256 1164 3256 1098 3256 760 
4234.7 1467.7 4221.49 1490.49 4190.35 1521.98 3907 1411 3660 1164 3256 760 3274.69 675.306 3274.49 507.485 
3256 1411 3256 1260 3256 1164 3660 1164 3907 1411 
3660 2056 3263.5 2452.5 3263.5 2092.5 3234.8 2056 
4190.35 1521.98 3813.5 1902.5 3660 2056 3234.8 2056 3212.22 2027.29 3256 1833 3256 1429 3256 1411 3907 1411 
3974.21 2360.79 3375.5 2959.5 3375.5 2959.5 
3857.11 2099.89 3925.75 2275.25 3925.75 2275.25 3974.21 2360.79 3375.5 2959.5 3300.72 2621 3271.56 2489 3263.5 2452.5 3660 2056 3813.5 1902.5 
4139.54 2648.46 3425.55 3362.45 3425.55 3362.45 
3974.21 2360.79 4012.06 2426.94 4012.06 2426.94 4139.54 2648.46 3425.55 3362.45 3424.66 3178.66 3375.5 2959.5 
4414.07 2812.93 4414.07 2812.93 3491.41 3735.59 
4139.54 2648.46 4154.53 2663.47 4154.53 2663.47 4391.88 2800.12 4414.07 2812.93 3491.41 3735.59 3491.65 3603.65 3491.65 3603.65 3425.55 3362.45 
4503.66 2899.34 3491.34 3911.66 3491.34 3911.66 
4414.07 2812.93 4465.86 2843.14 4465.86 2843.14 4488.7 2854.17 4503.66 2899.34 3491.34 3911.66 3491.02 3782.02 3491.41 3735.59 
5072 3518 3517 4037 3517 4037 4554 3000 
4503.66 2899.34 4554 3000 3517 4037 3491.34 3911.66 
4963.54 3122.54 4630 2789 4895 2524 4895 2555 4895 2820 4944 3035 
4970.61 3219.39 5072 3518 5072 3518 4554 3000 4503.66 2899.34 4488.7 2854.17 4630 2789 4963.54 3122.54 4970.61 3219.39 
4855.5 2453.5 4465.86 2843.14 4465.86 2843.14 
4855.5 2453.5 4895 2524 4630 2789 4488.7 2854.17 4465.86 2843.14 
4786.87 2405.13 4786.87 2405.13 4391.88 2800.12 
4833.14 2405.14 4855.5 2453.5 4465.86 2843.14 4414.07 2812.93 4414.07 2812.93 4391.88 2800.12 4786.87 2405.13 
4471.5 2346.5 4154.53 2663.47 4154.53 2663.47 
4733.17 2405.17 4786.87 2405.13 4391.88 2800.12 4154.53 2663.47 4471.5 2346.5 
4213 2226 4012.06 2426.94 4012.06 2426.94 
4443 2333.21 4471.5 2346.5 4154.53 2663.47 4139.54 2648.46 4012.06 2426.94 4213 2226 4277 2255.83 
4062.88 2138.12 3925.75 2275.25 3925.75 2275.25 
4151 2196.91 4213 2226 4012.06 2426.94 3974.21 2360.79 3925.75 2275.25 4062.88 2138.12 4095.24 2170.76 
4312.69 1644.31 3967 1990 3857.11 2099.89 3813.5 1902.5 4190.35 1521.98 
4062.88 2138.12 3925.75 2275.25 3857.11 2099.89 3967 1990 3997.24 2046.76 3997.24 2046.76 4029.47 2091.53 
4296.28 1747.72 3997.24 2046.76 3997.24 2046.76 
4312.69 1644.31 4296.28 1747.72 3997.24 2046.76 3967 1990 
4296.66 1824.34 4296.66 1824.34 4029.47 2091.53 
4296.28 1747.72 4296.66 1824.34 4029.47 2091.53 3997.24 2046.76 
4151 2115 4151 2196.91 4095.24 2170.76 
4296.66 1824.34 4297 1969 4277 1989 4151 2115 4095.24 2170.76 4062.88 2138.12 4029.47 2091.53 
4277 2255.83 4213 2226 4151 2196.91 4151 2115 4277 1989 
4443 2115 4733.17 2405.17 4471.5 2346.5 4443 2333.21 
4297 1969 4443 2115 4443 2333.21 4277 2255.83 4277 1989 
4929 2198 4929 2198 4221.49 1490.49 
4833.14 2405.14 4786.87 2405.13 4786.87 2405.13 4733.17 2405.17 4443 2115 4297 1969 4296.66 1824.34 4296.66 1824.34 4296.28 1747.72 4312.69 1644.31 4190.35 1521.98 4221.49 1490.49 4929 2198 4904.01 2252 4877.17 2310 
4969 2023 4969 2023 4357 1411 
4969 2023 4929 2198 4221.49 1490.49 4234.7 1467.7 4234.7 1467.7 4268.16 1409.93 4357 1411 4357 1411 
5064.98 1659 5030.3 1813.3 4876 1659 
4971.87 2010 4969 2023 4357 1411 4628 1411 4876 1659 5030.3 1813.3 5005.89 1855.89 
5027.5 1011.5 5022.5 1056.5 4876 1163 
5067 1650 5064.98 1659 4876 1659 4628 1411 4876 1163 5022.5 1056.5 5022.5 1349.5 5101.09 1499.92 5067 1650 
5015.29 752.705 5015.29 752.705 4357 1411 4357 1411 
5016.11 910.107 5027.5 1011.5 4876 1163 4628 1411 4357 1411 5015.29 752.705 5015.28 754.283 5015.28 754.283 5016.11 910.107 
5016.55 539.445 5016.55 539.445 4268 1288 4268 1288 
5016.55 539.445 5015.29 752.705 4357 1411 4268.16 1409.93 4268 1288 
4443 -423.75 5008.38 141.625 4443 707 
5010.78 517.784 5016.55 539.445 4268 1288 4268 882 4443 707 5008.38 141.625 5008.17 309.169 5008.17 309.169 5010.78 517.784 
4268 -598.75 4443 -423.75 4443 707 4268 882 
5593 696 4021 -876 4021 -876 
5704 807 5593 696 5756 807 
5551.4 852.404 5008.17 309.169 5008.17 309.169 
5704 807 5667 815.222 5582.91 833.909 5551.4 852.404 5008.17 309.169 5008.38 141.625 4443 -423.75 4268 -598.75 4093 -773.75 4020.66 -846.094 4021 -876 5593 696 
5424.83 931.829 5010.78 517.784 5010.78 517.784 
5551.4 852.404 5514.53 874.527 5434.76 921.762 5434.76 921.762 5424.83 931.829 5010.78 517.784 5008.17 309.169 
5339.69 1078.69 5015.28 754.283 5015.28 754.283 
5424.83 931.829 5373.92 1018.92 5373.92 1018.92 5339.69 1078.69 5015.28 754.283 5015.29 752.705 5015.29 752.705 5016.55 539.445 5016.55 539.445 5010.78 517.784 
5259.4 1153.4 5016.11 910.107 5016.11 910.107 
5339.69 1078.69 5324.37 1106.37 5324.37 1106.37 5313.9 1136.04 5259.4 1153.4 5016.11 910.107 5015.28 754.283 
5169 1203 5022.5 1349.5 5022.5 1056.5 
5259.4 1153.4 5169 1203 5022.5 1056.5 5027.5 1011.5 5016.11 910.107 
5202.71 1491.29 5390 1304 5519 1433 5464 1433 5294 1471 
5119.43 1494.43 5101.09 1499.92 5022.5 1349.5 5169 1203 5259.4 1153.4 5313.9 1136.04 5390 1304 5202.71 1491.29 5119.43 1494.43 
5596 1378 5324.37 1106.37 5324.37 1106.37 
5596 1378 5593 1380.14 5519 1433 5390 1304 5313.9 1136.04 5324.37 1106.37 
5689 1334 5373.92 1018.92 5373.92 1018.92 
5689 1334 5596 1378 5324.37 1106.37 5339.69 1078.69 5373.92 1018.92 
5753.3 1240.3 5434.76 921.762 5434.76 921.762 
5752.4 1304.65 5689 1334 5373.92 1018.92 5424.83 931.829 5434.76 921.762 5753.3 1240.3 
5755.05 1115.05 5755.05 1115.05 5514.53 874.527 
5753.3 1240.3 5434.76 921.762 5514.53 874.527 5755.05 1115.05 5755.05 1233.95 
5667 815.222 5667 918 5582.91 833.909 
5754.99 1107.01 5755.05 1115.05 5514.53 874.527 5551.4 852.404 5582.91 833.909 5667 918 5754.5 1005.5 5754.99 1107.01 
5756 1004 5754.5 1005.5 5667 918 5667 815.222 5704 807 5756 807 
5842 814.663 5926.33 833.671 5842 918 
5808 807 5842 814.663 5842 918 5756 1004 5756 807 
5990.68 871.318 5754.99 1107.01 5754.99 1107.01 
5926.33 833.671 5956.56 851.441 5956.56 851.441 5990.68 871.318 5754.99 1107.01 5754.5 1005.5 5756 1004 5842 918 
6071.09 917.909 6071.09 917.909 5755.05 1233.95 
5990.68 871.318 6071.09 917.909 5755.05 1233.95 5755.05 1115.05 5755.05 1115.05 5754.99 1107.01 
6127.95 1010.05 5807 1331 5807 1331 
6071.09 917.909 6084.89 932.114 6127.95 1010.05 5807 1331 5759 1307.84 5752.4 1304.65 5753.3 1240.3 5755.05 1233.95 
6219.81 1170.19 6239.84 1260 6130 1260 
6127.95 1010.05 6166.17 1076.83 6166.17 1076.83 6219.81 1170.19 6130 1260 5979 1411 5888 1368.67 5807 1331 
6239.84 1260 6253 1319 6253 1509 6253 1523 6046.81 1523 6009 1441 5979 1411 6130 1260 
6253 1764 5989.5 2150.5 5795 2241 5795 2241 5784.95 2245.69 5716.63 2177.37 6130 1764 
6253 1523 6253 1764 6130 1764 6098 1634 6098 1634 6046.81 1523 
5739 1993 6098 1634 6098 1634 
5716.63 2177.37 5714.87 2089.87 5739 1993 6098 1634 6130 1764 
5888 1562 5888 1368.67 5979 1411 6009 1441 
5739 1993 5739.54 1916.54 5739.54 1916.54 5740.5 1709.5 5759 1691 5888 1562 6009 1441 6046.81 1523 6098 1634 
5759 1307.84 5807 1331 5807 1331 5888 1368.67 5888 1562 5759 1691 
5593 1562 5464 1433 5519 1433 5593 1380.14 
5740.5 1709.5 5593 1562 5593 1380.14 5596 1378 5689 1334 5752.4 1304.65 5759 1307.84 5759 1691 
5739.54 1916.54 5294 1471 5739.54 1916.54 
5294 1471 5464 1433 5593 1562 5740.5 1709.5 5739.54 1916.54 
5119.43 1494.43 5119.43 1494.43 5714.87 2089.87 
5119.43 1494.43 5202.71 1491.29 5294 1471 5739.54 1916.54 5739 1993 5714.87 2089.87 
5698 2281 5067 1650 5067 1650 
5784.95 2245.69 5698 2281 5698 2281 5067 1650 5101.09 1499.92 5119.43 1494.43 5714.87 2089.87 5716.63 2177.37 
5160 2010 4971.87 2010 5005.89 1855.89 
5698 2281 5432.5 2282.5 5402 2252 5160 2010 5005.89 1855.89 5030.3 1813.3 5064.98 1659 5067 1650 5698 2281 
4904.01 2252 4929 2198 4929 2198 4969 2023 4969 2023 4971.87 2010 5160 2010 5402 2252 
5432.5 2282.5 5405 2310 4877.17 2310 4904.01 2252 5402 2252 
5160 2555 4895 2820 4895 2555 
5405 2310 5160 2555 4895 2555 4895 2524 4855.5 2453.5 4833.14 2405.14 4877.17 2310 
5698 2281 4944 3035 5698 2281 5698 2281 
4944 3035 4895 2820 5160 2555 5405 2310 5432.5 2282.5 5698 2281 
5763.27 2426.73 4970.61 3219.39 4970.61 3219.39 
5784.95 2245.69 5764.43 2422.43 5763.27 2426.73 4970.61 3219.39 4963.54 3122.54 4944 3035 5698 2281 
5590 3000 5072 3518 5072 3518 
5763.27 2426.73 5765 2825 5590 3000 5072 3518 4970.61 3219.39 
5765 2825 5768 2828 5590 3000 
6327.5 3387.5 5940 3000 
5768 2828 5940 3000 
6455 3113 6455 3113 5764.43 2422.43 
6455 3113 6327.5 3387.5 5940 3000 5768 2828 5765 2825 5763.27 2426.73 5764.43 2422.43 
6493.5 2939.5 5795 2241 5795 2241 
6493.5 2939.5 6480.07 3000 6455 3113 5764.43 2422.43 5784.95 2245.69 5795 2241 
6545.5 2537 6545.5 2706.5 6376 2537 
6545.5 2706.5 6493.5 2939.5 5795 2241 5989.5 2150.5 6112 2273 6376 2537 
6545.5 2273 6545.5 2537 6376 2537 6112 2273 
6545.5 1771 6545.5 2273 6112 2273 5989.5 2150.5 6253 1764 6253 1523 6253 1509 6593.97 1509 6545.5 1601.5 
6522.82 1049.18 6522.5 1052.5 6522.5 1196 6376 1196 
6604.7 1488.53 6593.97 1509 6253 1509 6253 1319 6376 1196 6522.5 1196 6522.5 1345.5 
6503.7 739.302 6166.17 1076.83 6166.17 1076.83 
6502.27 890.273 6522.82 1049.18 6376 1196 6253 1319 6239.84 1260 6219.81 1170.19 6166.17 1076.83 6503.7 739.302 6502.27 890.273 
6503.87 513.128 6503.87 513.128 6084.89 932.114 
6503.7 739.302 6166.17 1076.83 6127.95 1010.05 6084.89 932.114 6503.87 513.128 6503.28 515.285 6503.28 515.285 6503.72 737.715 
6503.61 304.385 5956.56 851.441 5956.56 851.441 
6503.61 304.385 6503.87 513.128 6084.89 932.114 6071.09 917.909 6071.09 917.909 5990.68 871.318 5956.56 851.441 
6504.5 110.5 5919 696 
6504.5 110.5 6503.61 304.385 5956.56 851.441 5926.33 833.671 5842 814.663 5808 807 5919 696 6504.5 110.5 
5919 696 5808 807 5756 807 
7090 696 6504.5 110.5 6504.5 110.5 
7201 807 7090 696 7259 807 
6919.85 931.847 6503.28 515.285 6503.28 515.285 
7201 807 7167 814.578 7082.43 833.429 7011.66 873.66 7011.66 873.66 6931.31 920.308 6931.31 920.308 6919.85 931.847 6503.28 515.285 6503.87 513.128 6503.87 513.128 6503.61 304.385 6504.5 110.5 7090 696 
6839.71 1073.71 6839.71 1073.71 6503.72 737.715 
6919.85 931.847 6876.2 1009.2 6839.71 1073.71 6503.72 737.715 6503.28 515.285 
6757.13 1145.13 6502.27 890.273 6502.27 890.273 
6839.71 1073.71 6830.1 1090.1 6830.1 1090.1 6816.42 1126.19 6757.13 1145.13 6502.27 890.273 6503.7 739.302 6503.72 737.715 
6669 1199 6522.5 1345.5 6522.5 1196 6522.5 1052.5 
6757.13 1145.13 6669 1199 6522.5 1052.5 6522.82 1049.18 6502.27 890.273 
6738.5 1477.5 6693.1 1485.9 6896 1283 7090.5 1477.5 
6693.1 1485.9 6604.7 1488.53 6522.5 1345.5 6669 1199 6757.13 1145.13 6816.42 1126.19 6896 1283 
7165 1425 6830.1 1090.1 6830.1 1090.1 
7165 1425 7090.5 1477.5 6896 1283 6816.42 1126.19 6830.1 1090.1 
7258.37 1391.37 7258.37 1391.37 6876.2 1009.2 
7258.53 1429.01 7193.21 1411.79 7165 1425 6830.1 1090.1 6839.71 1073.71 6839.71 1073.71 6876.2 1009.2 7258.37 1391.37 
7258.5 1247.5 6931.31 920.308 6931.31 920.308 
7258.35 1386.65 7258.37 1391.37 6876.2 1009.2 6919.85 931.847 6931.31 920.308 7258.5 1247.5 7258.5 1247.5 7258.35 1386.65 
7259 1121 7011.66 873.66 7011.66 873.66 
7259 1121 7258.5 1247.5 7258.5 1247.5 6931.31 920.308 7011.66 873.66 7259 1121 
7167 814.578 7167 918 7082.43 833.429 
7259 1010 7259 1121 7011.66 873.66 7082.43 833.429 7167 918 7259 1010 
7167 814.578 7201 807 7259 807 7259 1010 7167 918 
7351 813.91 7436.12 832.882 7351 918 
7320 807 7351 813.91 7351 918 7259 1010 7259 1010 7259 807 
7506.89 873.113 7506.89 873.113 7259 1121 7259 1121 
7436.12 832.882 7506.89 873.113 7259 1121 7259 1010 7351 918 
7586.42 919.579 7586.42 919.579 7258.5 1247.5 7258.5 1247.5 7258.5 1247.5 
7506.89 873.113 7586.42 919.579 7258.5 1247.5 7259 1121 
7640.09 1004.91 7258.35 1386.65 7258.35 1386.65 
7586.42 919.579 7599.86 933.144 7640.09 1004.91 7258.35 1386.65 7258.5 1247.5 
7718.55 1141.45 7738.42 1230 7630 1230 
7640.09 1004.91 7680.39 1075.61 7680.39 1075.61 7718.55 1141.45 7630 1230 7411.5 1448.5 7260.69 1434.31 7258.53 1429.01 7258.37 1391.37 7258.37 1391.37 7258.35 1386.65 
7739.15 1667 7719.22 1756.22 7630 1667 
7738.42 1230 7753 1295 7753 1605 7739.15 1667 7630 1667 7411.5 1448.5 7630 1230 
7639.91 1894.91 7269.18 1524.18 7269.18 1524.18 
7719.22 1756.22 7679.93 1824.93 7639.91 1894.91 7269.18 1524.18 7269.14 1517.86 7411.5 1448.5 7630 1667 
7585.16 1980.16 7585.16 1980.16 7272.73 1667.73 
7639.91 1894.91 7600.54 1964.54 7585.16 1980.16 7272.73 1667.73 7270.61 1659.39 7269.18 1524.18 
7509.39 2023.39 7269.5 1783.5 7269.5 1783.5 
7585.16 1980.16 7509.39 2023.39 7269.5 1783.5 7269.5 1783.5 7272.73 1667.73 
7444.52 2060.52 7360 2079.4 7360 1976 
7509.39 2023.39 7444.52 2060.52 7360 1976 7271 1887 7271 1887 7269.5 1783.5 7269.5 1783.5 
7360 2079.4 7326 2087 7271 2087 7271 1887 7360 1976 
7182 2079.38 7097.53 2060.47 7182 1976 
7216 2087 7182 2079.38 7182 1976 7271 1887 7271 1887 7271 2087 
7027.5 2025.5 7027.5 2025.5 7269.5 1783.5 7269.5 1783.5 7269.5 1783.5 7269.5 1783.5 
7097.53 2060.47 7066.13 2042.87 7066.13 2042.87 7054.3 2036.7 7041.5 2028.5 7027.5 2025.5 7269.5 1783.5 7271 1887 7182 1976 
6928 2002 6928 2002 7270.61 1659.39 
7027.5 2025.5 6928 2002 7270.61 1659.39 7272.73 1667.73 7269.5 1783.5 
6850 1937 6850 1937 7269.14 1517.86 
6928 2002 6857.41 1969.59 6850 1937 7269.14 1517.86 7269.18 1524.18 7269.18 1524.18 7270.61 1659.39 
6864.33 1830.67 6864.33 1830.67 7260.69 1434.31 
6850 1937 6841.33 1897.33 6864.33 1830.67 7260.69 1434.31 7411.5 1448.5 7269.14 1517.86 
6933 1672 6738.5 1477.5 7090.5 1477.5 7165 1425 7193.21 1411.79 
6864.33 1830.67 6933 1672 7193.21 1411.79 7258.53 1429.01 7260.69 1434.31 
6715 1771 6545.5 1771 6545.5 1601.5 
6841.33 1897.33 6715 1771 6545.5 1601.5 6593.97 1509 6604.7 1488.53 6693.1 1485.9 6738.5 1477.5 6933 1672 6864.33 1830.67 6864.33 1830.67 
6715 3000 6327.5 3387.5 6455 3113 6455 3113 6480.07 3000 
6836.5 2112 6836.5 2778 6836.5 2878.5 6715 3000 6480.07 3000 6493.5 2939.5 6545.5 2706.5 6545.5 2537 6545.5 2273 6545.5 1771 6715 1771 6841.33 1897.33 6850 1937 6850 1937 6857.41 1969.59 
8920.72 3000 7793 3000 
6958 2889 7682 2889 7793 3000 6715 3000 6836.5 2878.5 
8201 2346 8698.72 2778 7793 2778 7793 2473.25 8051.5 2415.5 8051.5 2415.5 8201 2346 
8698.72 2778 8920.72 3000 7793 3000 7682 2889 7793 2778 
6836.5 2778 6958 2778 6958 2889 6836.5 2878.5 
7727 2488 7793 2473.25 7793 2778 7682 2889 6958 2889 6958 2778 7248 2488 7271 2488 7437 2488 
7041.5 2028.5 6958 2112 6836.5 2112 6857.41 1969.59 6928 2002 6928 2002 7027.5 2025.5 7027.5 2025.5 
7105 2345 7248 2488 6958 2778 6836.5 2778 6836.5 2112 6958 2112 6964 2127 6964 2127 6970 2139 7031.5 2271.5 
6964 2127 6964 2127 7054.3 2036.7 
6964 2127 6958 2112 7041.5 2028.5 7054.3 2036.7 
7066.13 2042.87 6970 2139 7066.13 2042.87 
6970 2139 6964 2127 7054.3 2036.7 7066.13 2042.87 
7105 2198 7105 2345 7031.5 2271.5 
7216 2087 7105 2198 7031.5 2271.5 6970 2139 7066.13 2042.87 7097.53 2060.47 7182 2079.38 
7271 2488 7248 2488 7105 2345 7105 2198 7216 2087 7271 2087 
7437 2198 7727 2488 7437 2488 
7326 2087 7437 2198 7437 2488 7271 2488 7271 2087 
8051.5 2415.5 8051.5 2415.5 7600.54 1964.54 
7437 2198 7326 2087 7360 2079.4 7444.52 2060.52 7509.39 2023.39 7585.16 1980.16 7585.16 1980.16 7600.54 1964.54 8051.5 2415.5 7793 2473.25 7727 2488 
8201 2346 8201 2346 7679.93 1824.93 
8201 2346 8051.5 2415.5 7600.54 1964.54 7639.91 1894.91 7679.93 1824.93 
7876 1728 
7753 1605 7876 1728 8920.72 3000 8698.72 2778 8201 2346 7679.93 1824.93 7719.22 1756.22 7739.15 1667 
7876 1172 
7753 1295 7876 1172 7876 1728 7753 1605 
7680.39 1075.61 7680.39 1075.61 
7753 1295 7738.42 1230 7718.55 1141.45 7680.39 1075.61 7876 1172 
7599.86 933.144 
7680.39 1075.61 7640.09 1004.91 7599.86 933.144 
7431 696 
7320 807 7431 696 7599.86 933.144 7586.42 919.579 7586.42 919.579 7506.89 873.113 7506.89 873.113 7436.12 832.882 7351 813.91 
7431 696 7320 807 7259 807 
